
<svg
   width="19.40118mm"
   height="70.905754mm"
   viewBox="0 0 19.40118 70.905754"
   version="1.1"
   id="svg1"
><defs
     id="defs1" /><g
     id="layer1"
     transform="translate(-42.381122,-146.07792)"><path
       id="path9"
       style="display:inline;fill:#000000"
       d="m 52.781274,146.07791 c -0.493872,0.001 -1.518456,0.36455 -2.335258,0.82785 -1.880264,1.06651 -6.255348,5.49867 -7.276558,7.37164 -0.7465,1.36914 -0.792666,1.62735 -0.788066,4.36563 0.0076,4.48424 0.879601,7.22144 3.38584,10.62312 1.197496,1.62534 3.044235,3.12594 4.372343,3.55276 1.711591,0.55006 4.182007,-0.27882 6.161381,-2.06706 1.447913,-1.30811 2.451539,-2.8242 3.516065,-5.3113 2.989289,-6.98403 2.55778,-12.65683 -1.221631,-16.05484 -1.884666,-1.69448 -4.725594,-3.3108 -5.814116,-3.3078 z m -8.454264,23.41304 0.161231,1.98437 c 0.08882,1.0914 0.394496,4.66328 0.679545,7.9375 1.375571,15.80048 1.361898,15.53464 1.215946,23.15104 -0.11179,5.83366 -0.255895,8.02695 -0.677478,10.31875 -0.294459,1.60073 -0.539036,3.1783 -0.543636,3.50573 -0.0075,0.53981 0.115954,0.59531 1.327568,0.59531 1.708573,0 2.510162,-0.42773 4.138765,-2.20968 3.768932,-4.12381 6.28612,-14.24361 7.611938,-30.59865 0.417664,-5.15222 0.926837,-14.35048 0.802535,-14.4973 -0.03614,-0.0427 -0.764846,0.61912 -1.619539,1.47019 -1.823684,1.81596 -3.625034,2.7609 -5.571236,2.9223 -1.929005,0.15996 -3.943609,-0.84068 -5.987748,-2.97398 z" /></g></svg>
