
<svg
   width="18.520832mm"
   height="61.65559mm"
   viewBox="0 0 18.520832 61.65559"
   version="1.1"
   id="svg1"
><defs
     id="defs1" /><g
     id="layer1"
     transform="translate(-14.991848,-147.3989)"><path
       id="path11"
       style="display:inline;fill:#000000"
       d="m 24.48481,147.39979 c -0.776874,-0.0221 -1.456913,0.36986 -2.389001,1.08572 -0.778596,0.59797 -2.449428,1.85393 -3.712952,2.79053 -2.639104,1.95627 -3.391007,3.12963 -3.391007,5.29166 0,1.76944 0.874317,5.10534 1.768884,6.74895 0.944704,1.73574 3.175084,3.75083 4.913912,4.43952 1.823985,0.72243 3.979305,0.59381 5.5578,-0.33125 1.388886,-0.81394 3.568053,-3.08675 4.488098,-4.68085 0.990628,-1.7164 1.792139,-4.57302 1.792139,-6.38824 0,-2.39111 -0.607837,-3.31069 -3.912423,-5.92212 -2.637821,-2.08452 -3.980019,-3.00168 -5.11545,-3.03392 z m 7.252271,17.59324 -1.57148,1.48828 c -2.345888,2.22163 -3.481626,2.73603 -6.045626,2.73678 -2.525209,7.5e-4 -3.965746,-0.55905 -5.806364,-2.25567 -0.668637,-0.61633 -1.26315,-1.07314 -1.32085,-1.01544 -0.0577,0.0577 -7.32e-4,1.05744 0.126607,2.22157 1.04689,9.57062 1.365026,21.24996 0.778248,28.57448 -0.717556,8.95698 -0.636719,10.36314 0.67231,11.67216 1.996451,1.99646 4.507847,-0.75203 6.65179,-7.2807 2.666655,-8.12041 5.696674,-24.14348 6.335531,-33.50286 z" /></g></svg>
