
<svg
   width="30.663858mm"
   height="54.995754mm"
   viewBox="0 0 30.663858 54.995754"
   version="1.1"
   id="svg1"
><defs
     id="defs1" /><g
     id="layer1"
     transform="translate(86.051171,-146.90665)"><path
       id="path16"
       style="display:inline;fill:#000000"
       d="m -60.105892,146.90783 c -1.613837,-0.0346 -3.570472,0.68964 -5.96036,2.17919 -2.648692,1.65086 -2.861279,1.67265 -5.196065,0.54054 -4.078786,-1.97775 -6.956081,-2.3268 -9.048026,-1.09761 -2.114656,1.24252 -3.109026,3.20934 -3.31556,6.55877 -0.117143,1.89973 -0.05323,2.46162 0.393774,3.47214 0.968013,2.18835 3.576476,4.49902 6.094719,5.39812 1.529674,0.54614 2.867992,0.44261 5.962426,-0.45992 l 2.864942,-0.8356 2.582271,0.47387 c 3.078614,0.56487 4.379214,0.42869 6.625952,-0.69402 2.874648,-1.43648 3.714502,-3.25468 3.714502,-8.04188 0,-3.32469 -0.376513,-4.80919 -1.531689,-6.03943 -0.883784,-0.94121 -1.93168,-1.42723 -3.186886,-1.45417 z m -22.376929,15.32464 c -0.112255,-0.0201 -0.156581,0.0431 -0.156579,0.17829 5e-6,0.25634 0.312878,2.7278 0.695048,5.49269 0.524555,3.79501 0.6973,6.1619 0.7059,9.65729 0.01441,5.88426 -0.480047,8.25256 -2.884062,13.80381 -1.845994,4.26269 -2.241821,6.13003 -1.712557,8.08632 0.380567,1.40667 0.95874,1.75332 2.04587,1.2268 2.296259,-1.11211 6.794789,-7.73511 11.590507,-17.06459 0.645303,-1.25536 1.366774,-2.47575 1.603003,-2.71198 0.548634,-0.54864 1.609721,-0.55542 1.818494,-0.0114 0.536775,1.39882 -0.395511,6.08188 -2.629814,13.20747 -1.683753,5.36979 -1.783051,5.84839 -1.431437,6.91379 0.245768,0.74469 0.422878,0.89141 1.075903,0.89141 1.213848,0 2.355797,-0.59297 3.939811,-2.0469 1.804342,-1.65616 2.928344,-3.50024 4.409034,-7.2347 2.139341,-5.39565 3.699361,-11.79938 5.368664,-22.03638 0.956819,-5.86769 1.181281,-7.57577 0.995805,-7.57577 -0.07844,0 -0.884312,0.35069 -1.790588,0.77929 -2.276006,1.07639 -3.967187,1.23989 -6.974252,0.67386 l -2.461865,-0.46354 -2.220536,0.75861 c -4.257865,1.45393 -7.532846,0.94258 -10.750765,-1.67845 -0.672887,-0.54808 -1.048491,-0.8125 -1.235584,-0.84595 z" /></g></svg>
