
<svg
   width="34.031403mm"
   height="49.570702mm"
   viewBox="0 0 34.031403 49.570702"
   version="1.1"
   id="svg1"
><defs
     id="defs1" /><g
     id="layer1"
     transform="translate(127.35397,-148.74384)"><path
       id="path15"
       style="display:inline;fill:#000000"
       d="m -98.627572,148.74596 c -1.484518,-0.0227 -2.223978,0.1296 -4.147548,0.74724 -1.3975,0.44872 -2.76672,0.81707 -3.04271,0.81907 -0.27599,0.002 -1.49816,-0.25758 -2.71611,-0.57722 -2.00583,-0.52643 -2.39025,-0.55138 -4.07779,-0.262 -1.02468,0.17572 -2.40903,0.5632 -3.07682,0.86093 -0.95822,0.42724 -1.51015,0.50505 -2.61792,0.36948 -1.75349,-0.21458 -2.53767,0.23494 -3.26079,1.86966 -1.16661,2.63732 -0.78577,6.87328 0.7953,8.84803 0.90019,1.12433 2.5945,2.10589 4.38733,2.54145 2.99552,0.72775 6.15798,0.36576 10.01438,-1.14618 2.33134,-0.91403 2.59836,-0.95817 6.461103,-1.07384 2.63939,-0.079 4.11819,-0.22831 4.28811,-0.43305 0.390867,-0.47097 1.778698,-4.57786 2.124418,-6.28695 0.470284,-2.32488 -0.01325,-4.17224 -1.441772,-5.50768 -0.621645,-0.58113 -0.986344,-0.6718 -3.001884,-0.7493 -0.248108,-0.01 -0.475223,-0.0164 -0.687297,-0.0196 z m 2.759005,14.19758 -3.902604,0.13281 c -3.772409,0.12827 -4.004109,0.16946 -6.945309,1.2454 -2.44135,0.89308 -3.51335,1.14136 -5.42396,1.25522 -2.57946,0.15371 -5.1629,-0.31826 -7.10344,-1.29759 -0.5598,-0.28251 -1.05426,-0.47542 -1.09916,-0.42892 -0.0449,0.0465 0.008,1.92971 0.11782,4.18528 0.37724,7.76189 -0.35081,12.87762 -2.46342,17.3147 -1.02799,2.15909 -2.9065,4.6863 -4.20232,5.65341 -0.37454,0.27951 -0.46302,0.75485 -0.46302,2.48305 v 2.13785 l 1.25677,-0.16743 c 2.25705,-0.30003 4.83447,-1.80557 7.29878,-4.26434 3.79101,-3.78249 6.21859,-7.46512 8.33747,-12.64729 0.36501,-0.89272 0.96037,-1.16406 1.52549,-0.69505 0.33027,0.27408 0.38353,0.63473 0.24701,1.6831 -0.55557,4.26613 -2.51468,9.4577 -5.17694,13.7201 -1.4143,2.26438 -1.84692,3.185 -1.84692,3.92896 0,0.54034 0.14681,1.022 0.33073,1.0852 1.346,0.46239 6.11494,-2.58704 9.74411,-6.23063 3.18641,-3.19907 5.3334,-6.67151 6.972701,-11.27631 1.29668,-3.64241 2.791179,-12.62252 2.795179,-16.79277 z" /></g></svg>
