
<svg
   width="20.974131mm"
   height="70.890472mm"
   viewBox="0 0 20.974131 70.890472"
   version="1.1"
   id="svg1"
><defs
     id="defs1" /><g
     id="layer1"
     transform="translate(-36.574349,-64.584175)"><path
       id="path31"
       style="display:inline;fill:#000000"
       d="m 41.828971,64.584172 c -1.66358,0 -3.024275,0.02923 -3.024104,0.06563 1.71e-4,0.03638 0.188711,0.95912 0.419095,2.05052 0.802108,3.79984 0.776849,18.553167 -0.06821,39.915388 l -0.171049,4.32894 1.970422,-1.97042 c 2.352853,-2.35286 3.672604,-2.97157 5.98258,-2.80448 1.869382,0.13522 3.887209,1.36055 5.820317,3.53466 0.692902,0.77928 1.354461,1.42344 1.470195,1.43144 0.11573,0.008 0.146362,-0.37196 0.06821,-0.84491 -0.07815,-0.47294 -0.442719,-3.77693 -0.810286,-7.34219 -2.274432,-22.061111 -4.54731,-32.600433 -8.116817,-37.636973 -0.511163,-0.72161 -0.542089,-0.727604 -3.540353,-0.727604 z m 4.691704,42.734858 c -0.926399,-0.0463 -1.823928,0.19044 -2.705262,0.70693 -1.723322,1.00993 -3.862922,3.40277 -4.763533,5.32733 -1.222658,2.61276 -2.446131,8.46737 -2.473751,11.83907 -0.02126,2.59489 0.02746,2.87285 0.67076,3.84524 0.83134,1.25661 5.947894,4.8254 8.302336,5.79086 4.321009,1.77187 8.467936,-0.15866 10.897526,-5.07307 0.871959,-1.76373 1.019906,-2.32821 1.091406,-4.17081 0.09717,-2.50403 -0.657274,-5.81271 -2.217436,-9.72447 -1.165802,-2.92299 -1.943435,-4.11512 -3.872631,-5.9371 -1.761494,-1.6636 -3.385418,-2.52675 -4.929415,-2.60398 z" /></g></svg>
