
<svg
   width="26.437614mm"
   height="53.859737mm"
   viewBox="0 0 26.437614 53.859737"
   version="1.1"
   id="svg1"
><defs
     id="defs1" /><g
     id="layer1"
     transform="translate(82.624368,-81.881478)"><path
       id="path26"
       style="display:inline;fill:#000000"
       d="m -70.053605,81.882857 c -0.217158,-0.01121 -0.405272,0.04559 -0.560173,0.17415 -0.55705,0.46231 -0.485388,2.766677 0.152963,4.922697 0.295366,0.9976 0.712951,2.408632 0.928108,3.136242 0.806736,2.72817 1.192455,5.408657 1.332219,9.260417 0.174282,4.803057 -0.102219,8.161427 -0.681612,8.272367 -0.490023,0.0938 -1.791173,-2.22619 -2.737818,-4.88239 -1.191066,-3.34202 -2.288232,-10.555122 -2.288232,-15.041462 0,-2.89944 -0.304276,-4.216468 -1.068669,-4.625558 -2.041503,-1.09258 -4.307336,1.399324 -5.580021,6.137094 -1.018151,3.79023 -0.969363,8.730614 0.186552,19.003486 0.204677,1.81901 0.372837,4.58722 0.374137,6.15157 0.0013,1.56434 0.105084,2.84427 0.230477,2.84427 0.125394,0 1.039519,-0.36778 2.031401,-0.81752 2.156791,-0.97794 4.600445,-1.23385 7.530289,-0.7891 1.091407,0.16567 3.115469,0.4124 4.497917,0.54828 1.382448,0.13588 2.889655,0.35862 3.34915,0.49507 1.082587,0.32147 3.056059,1.48117 3.664375,2.15335 1.08509,1.19901 1.116376,0.85072 0.413412,-4.63279 -0.279827,-2.18281 -0.583241,-5.69516 -0.673861,-7.80521 -0.340943,-7.938796 -1.146523,-11.45842 -3.602364,-15.74219 -3.029219,-5.283941 -5.978144,-8.684319 -7.49825,-8.762773 z m -2.928504,34.966343 c -2.774504,-0.002 -3.351164,0.0771 -4.571814,0.62528 -2.883218,1.29486 -4.774173,4.4159 -5.021915,8.2889 -0.117594,1.83839 -0.0578,2.19425 0.591178,3.52072 0.720057,1.47175 2.396499,3.06967 4.217831,4.01991 1.233781,0.6437 3.744371,0.57576 5.105114,-0.13798 1.627559,-0.8537 2.435848,-0.75712 3.98322,0.47491 0.731508,0.58244 1.84845,1.29381 2.482019,1.5813 2.190986,0.9942 5.654209,0.51556 7.63881,-1.05627 1.737767,-1.37634 2.371596,-3.00294 2.370915,-6.08232 -5.66e-4,-2.56057 -0.368895,-4.50813 -1.130681,-5.98051 -0.671559,-1.298 -3.211962,-3.45011 -4.751648,-4.02559 -1.759087,-0.65749 -6.802827,-1.22535 -10.913029,-1.22835 z" /></g></svg>
